index,0,1,2
26457,0.19115619878981843,0.05693709113085681,0.7519067100793247
26458,0.16550347175877808,0.09202023047780288,0.7424762977634191
26459,0.18942676165846342,0.21007882745051565,0.600494410891021
26460,0.08329104306110521,0.09601530045317319,0.8206936564857217
26461,0.060560061828048725,0.28476042442164895,0.6546795137503023
26462,0.04967973912263224,0.3050302988482643,0.6452899620291034
26463,0.5002415080931285,0.08460433900059172,0.4151541529062798
26464,0.14225715790508955,0.3521856866821039,0.5055571554128065
26465,0.03341751807462367,0.12923008268213626,0.83735239924324
26466,0.053401307191603034,0.3882723744473632,0.5583263183610337
26467,0.16346303298732712,0.17911517610978345,0.6574217909028894
26468,0.12164570638629464,0.11158824113227832,0.766766052481427
26469,0.6942476765053183,0.14140088433705764,0.1643514391576241
26470,0.23718499491111192,0.11166132770103018,0.6511536773878578
26471,0.0853580303664913,0.16845775676506974,0.7461842128684388
26472,0.3528232465825301,0.4334832289731595,0.2136935244443104
26473,0.10776660944081326,0.14868998549028362,0.7435434050689032
26474,0.4130992555201303,0.2995435500771264,0.2873571944027432
26475,0.2408515588158684,0.3050666212766364,0.4540818199074951
26476,0.040690911264887886,0.3364286681264147,0.6228804206086975
26477,0.08759556930843772,0.2745409148497518,0.6378635158418106
26478,0.1111205722821341,0.08199458113192222,0.8068848465859437
26479,0.041687545016986696,0.07019396388077287,0.8881184911022404
26480,0.04511141944272916,0.1690086942729282,0.7858798862843427
26481,0.06067651883958297,0.31402368619712295,0.6252997949632941
26482,0.06679742406738054,0.04375285488871496,0.8894497210439045
26483,0.039192197634321246,0.2159676876937765,0.7448401146719021
26484,0.06785479893472367,0.10573693610558373,0.8264082649596926
26485,0.12753243962363445,0.14836340028191788,0.7241041600944478
26486,0.1445810240379375,0.2230208780992031,0.6323980978628594
26487,0.04573573485089272,0.0755958074647484,0.878668457684359
26488,0.1517738137871655,0.19124117083741587,0.6569850153754186
26489,0.06363017511240046,0.20744181477207885,0.7289280101155208
26490,0.11210795659641584,0.23673313954718803,0.6511589038563961
26491,0.125968624661676,0.14822694383368576,0.7258044315046382
26492,0.11392040590826619,0.18435665703476012,0.7017229370569736
26493,0.21510072978934308,0.3865525393475431,0.3983467308631139
26494,0.1543881484724819,0.12030572030132228,0.7253061312261959
26495,0.02238381083692768,0.07321408338698343,0.9044021057760888
26496,0.14860951726824478,0.3263811339747901,0.525009348756965
26497,0.0656064361097565,0.6501645536314027,0.2842290102588409
26498,0.1455989804821523,0.45852887195950004,0.39587214755834765
26499,0.10109838059846488,0.15821216656254775,0.7406894528389873
26500,0.09388997543548767,0.3939675109220751,0.5121425136424372
26501,0.15370109318958497,0.20409653333160677,0.6422023734788084
26502,0.014631434794415827,0.020023067522418104,0.965345497683166
26503,0.11335657695978624,0.6267041922997123,0.25993923074050146
26504,0.10458771376033044,0.4610810867056758,0.4343311995339938
26505,0.12841753919778012,0.12343474634310579,0.7481477144591141
26506,0.08294865401583193,0.6861088526394705,0.23094249334469755
26507,0.05756350489426907,0.4074729874077253,0.5349635076980056
26508,0.13713920170292546,0.16371424097801898,0.6991465573190556
26509,0.11881184626174102,0.07703243418281047,0.8041557195554485
26510,0.09535296790444898,0.20158911459086062,0.7030579175046904
26511,0.11026665523758812,0.1866637867775948,0.7030695579848171
26512,0.08957131648667317,0.4717328303470698,0.438695853166257
26513,0.13025183255652129,0.20895446918926824,0.6607936982542104
26514,0.09346658490840075,0.13872043515341254,0.7678129799381868
26515,0.313507744410646,0.05207542195067155,0.6344168336386825
26516,0.14860951726824478,0.3263811339747901,0.525009348756965
26517,0.1344568945731239,0.38104392905858253,0.48449917636829354
26518,0.13149644716578734,0.15464664890302132,0.7138569039311913
26519,0.23583406264243115,0.1574785248290227,0.6066874125285462
26520,0.03292420411827217,0.8637874033479502,0.10328839253377738
26521,0.14252813944484705,0.429661161436532,0.42781069911862085
26522,0.15499905895232374,0.316877501059662,0.5281234399880143
26523,0.09170226101891112,0.23359034427456996,0.6747073947065189
26524,0.24561553061733152,0.5298369800238192,0.22454748935884933
26525,0.16599211347197618,0.22431367228696455,0.6096942142410593
26526,0.11926766533847966,0.17403664501396643,0.7066956896475539
26527,0.08791726299028048,0.27364492434094373,0.6384378126687758
26528,0.1402222020923417,0.3871966547043371,0.47258114320332123
26529,0.09167624882007892,0.16337413429691167,0.7449496168830093
26530,0.24414276550505978,0.17447046681255882,0.5813867676823814
26531,0.05962102424381315,0.19765078711350464,0.7427281886426822
26532,0.09594600986505798,0.1747212434598418,0.7293327466751002
26533,0.029946384956850817,0.08774767008518651,0.8823059449579627
26534,0.06589066380609346,0.14959819040616557,0.7845111457877411
26535,0.06794511477063923,0.14322604562017077,0.7888288396091899
26536,0.15093720454576282,0.32425839427307374,0.5248044011811633
26537,0.03528945194409168,0.07439763535470566,0.8903129127012026
26538,0.15247457045950252,0.35235817306656,0.4951672564739376
26539,0.06524952480055146,0.13634081808105034,0.7984096571183982
26540,0.08320378381654811,0.5319256420972811,0.3848705740861708
26541,0.09249837864507214,0.17634179344245943,0.7311598279124684
26542,0.049649355303384046,0.051679979785883734,0.8986706649107322
26543,0.11971438239350887,0.07895660997702147,0.8013290076294696
26544,0.0982709209178176,0.09170095944492217,0.8100281196372602
26545,0.12130866879377589,0.19266390343536746,0.6860274277708566
26546,0.06866951635634738,0.29160425236009324,0.6397262312835593
26547,0.03594211602682138,0.16565706671743963,0.798400817255739
26548,0.11409892551965188,0.12343637819268496,0.7624646962876631
26549,0.1254954733145791,0.4162510410099061,0.4582534856755147
26550,0.11285385532767866,0.16594938115209293,0.7211967635202284
26551,0.048179530107514176,0.09691246375637326,0.8549080061361126
26552,0.009686894254135556,0.19107295622128398,0.7992401495245804
26553,0.06821636964614756,0.1103927609335728,0.8213908694202796
26554,0.14341555063143305,0.2527367021935251,0.6038477471750419
26555,0.09465264834133624,0.2188600525479131,0.6864872991107507
26556,0.040844511871361455,0.23576909674883167,0.7233863913798069
26557,0.0561922200819149,0.07976428137676234,0.8640434985413228
26558,0.35067315694473083,0.1496826527864294,0.49964419026883977
26559,0.1647267772946764,0.10397525941810545,0.7312979632872182
26560,0.13342066583064213,0.3713037636611843,0.4952755705081737
26561,0.12815877966974665,0.1659384153214691,0.7059028050087843
26562,0.1488191534719016,0.18922219956376193,0.6619586469643364
26563,0.07065514787225267,0.12961093923495925,0.7997339128927881
26564,0.052449447059910156,0.10412159692374565,0.8434289560163442
26565,0.045429830003102155,0.3862424136091571,0.5683277563877408
26566,0.20550426608624298,0.1556567519928109,0.6388389819209461
26567,0.1253097612114373,0.30455895926658455,0.5701312795219781
26568,0.21501206898459035,0.30699124181435045,0.47799668920105925
26569,0.08166995779566825,0.42933609028580527,0.4889939519185263
26570,0.1481374027253663,0.3507875535286141,0.5010750437460196
26571,0.23507352033658316,0.1551255081424049,0.609800971521012
26572,0.04697011344559026,0.32031593141477166,0.632713955139638
26573,0.06932186167588857,0.08317615753272435,0.8475019807913869
26574,0.15104751258558902,0.10453919485220732,0.7444132925622036
26575,0.1965847276970194,0.21636291230861474,0.5870523599943658
26576,0.08257191468427656,0.06003873147946236,0.857389353836261
26577,0.12358041695262678,0.1190075712909912,0.757412011756382
26578,0.26429103559010286,0.27773984850440814,0.4579691159054891
26579,0.13417929042622545,0.4815247131384114,0.38429599643536316
26580,0.06542133908186491,0.04707534538486704,0.887503315533268
26581,0.07053908577125785,0.19504250142544569,0.7344184128032964
26582,0.11919536471923488,0.08233444330918123,0.7984701919715839
26583,0.09966791246570177,0.1438672334371614,0.7564648540971368
26584,0.11257725633705735,0.19229413147934385,0.6951286121835988
26585,0.12466636998473866,0.5241674148284445,0.35116621518681673
26586,0.20269348792987404,0.3014570078899157,0.4958495041802101
26587,0.23783567694241206,0.23982371988701665,0.5223406031705713
26588,0.11476147723216656,0.1958813778837953,0.6893571448840382
26589,0.10097388895807476,0.10200142788892462,0.7970246831530007
26590,0.1051998488854675,0.3451434641672287,0.5496566869473037
26591,0.08387600127164584,0.24525401461717722,0.6708699841111769
26592,0.41923935607119817,0.06389883441624664,0.5168618095125553
26593,0.08483876251749516,0.20177792925277138,0.7133833082297335
26594,0.22316414812716764,0.4097379110142622,0.36709794085857006
26595,0.06046513402786317,0.14585731810972263,0.7936775478624143
26596,0.1372946671204699,0.11753596425275425,0.7451693686267759
26597,0.12634202942762196,0.47419362178891306,0.399464348783465
26598,0.2021494321781583,0.24513759228550128,0.5527129755363404
26599,0.20018709081928834,0.3477704379865226,0.452042471194189
26600,0.03351352780762,0.0792306318093098,0.8872558403830701
26601,0.09609796785867362,0.201605027030717,0.7022970051106092
26602,0.020045792346767555,0.12091148588025637,0.859042721772976
26603,0.13086255927260892,0.08475538183207125,0.7843820588953198
26604,0.12464640206443932,0.21535420392019936,0.6599993940153615
26605,0.08859338059049722,0.14828231880112858,0.7631243006083741
26606,0.22980274778875764,0.2275370972249185,0.5426601549863239
26607,0.06510862865138671,0.3782954999362975,0.5565958714123158
26608,0.08843741151666555,0.36031970345073416,0.5512428850326002
26609,0.0685600142413974,0.059524453542275355,0.8719155322163272
26610,0.17367711134162367,0.2427500867420357,0.5835728019163406
26611,0.07168284686088175,0.17807816256036318,0.7502389905787551
26612,0.17405892499858128,0.24252616459626802,0.5834149104051507
26613,0.10643383452077299,0.2919049957764351,0.6016611697027919
26614,0.11103720918457875,0.1302544034363857,0.7587083873790356
26615,0.04491030281433535,0.09299687797186709,0.8620928192137974
26616,0.17539992926509126,0.10789724555135526,0.7167028251835535
26617,0.2222194725196875,0.15411807209523043,0.6236624553850821
26618,0.1405553603647058,0.222668979774409,0.6367756598608852
26619,0.13833388539446423,0.5706658008646462,0.29100031374088947
26620,0.1532023106177884,0.320036015336104,0.5267616740461076
26621,0.08188896551616269,0.09541695723932939,0.822694077244508
26622,0.2580046151994145,0.2362192115422697,0.5057761732583158
26623,0.06333262026260847,0.5054597993686942,0.4312075803686974
26624,0.05917920501725277,0.16721368540527323,0.773607109577474
26625,0.16599211347197618,0.22431367228696455,0.6096942142410593
26626,0.20848592404659283,0.2557354986209629,0.5357785773324443
26627,0.16329173385466023,0.11085957811061493,0.7258486880347248
26628,0.04267283732463201,0.15694683402842177,0.8003803286469463
26629,0.08853057658141038,0.18995768106406538,0.7215117423545242
26630,0.07699036181495342,0.5359316554551524,0.38707798272989413
26631,0.054872068220139715,0.06833686253996883,0.8767910692398915
26632,0.10586178037105412,0.15877981466189178,0.735358404967054
26633,0.19786738170966633,0.1441794052238039,0.6579532130665297
26634,0.07122653843678947,0.09925350302382609,0.8295199585393844
26635,0.07464547391144362,0.15056070067922364,0.7747938254093326
26636,0.12341620654332787,0.17984986564885114,0.696733927807821
26637,0.059524032942398546,0.12644103893433692,0.8140349281232646
26638,0.06558851930720783,0.5659795212446558,0.36843195944813645
26639,0.06573307739451223,0.16109952974411887,0.7731673928613689
26640,0.05604238690962477,0.10716527923929449,0.8367923338510808
26641,0.28961376087350993,0.6150100452643943,0.09537619386209584
26642,0.10437842109577984,0.11819850050574275,0.7774230783984775
26643,0.08681864921691722,0.16981820295196862,0.7433631478311141
26644,0.02550117831658784,0.08001502519128839,0.8944837964921237
26645,0.07667178234107952,0.16630848392895398,0.7570197337299666
26646,0.5742908544764941,0.14468149754759477,0.2810276479759112
26647,0.18496631048116782,0.16316123911487382,0.6518724504039582
26648,0.25598894917963644,0.38353931265128693,0.36047173816907657
26649,0.07605572605166587,0.13702060985131198,0.7869236640970222
26650,0.12631257267764942,0.3540480823166918,0.5196393450056587
26651,0.08943428801908829,0.3509512259059001,0.5596144860750116
26652,0.3512905025484051,0.1094691305902919,0.5392403668613029
26653,0.21574694411441916,0.12708567657585085,0.6571673793097299
26654,0.09637527885735006,0.38523799232396455,0.5183867288186854
26655,0.13284444755915498,0.22586772745670483,0.6412878249841402
26656,0.3091482518393435,0.24523291000644495,0.44561883815421144
26657,0.07734204584990557,0.17154972154786263,0.7511082326022318
26658,0.11720350222050606,0.21393146690058928,0.6688650308789047
26659,0.08294713519210897,0.4466733019793414,0.4703795628285496
26660,0.07173135775827622,0.11213747280811605,0.8161311694336078
26661,0.2795937531504387,0.4299854429155162,0.2904208039340451
26662,0.01742491492731393,0.25170870382901556,0.7308663812436705
26663,0.0799844458322729,0.09870060608495825,0.8213149480827688
26664,0.15516237122738977,0.09229186843483021,0.75254576033778
26665,0.12359289023195044,0.17317986830646925,0.7032272414615802
26666,0.0340533550145763,0.48587080575920494,0.48007583922621866
26667,0.08859338059049722,0.14828231880112858,0.7631243006083741
26668,0.12447886457298206,0.27807091186155075,0.5974502235654672
26669,0.08146411600891565,0.43769198791728514,0.48084389607379924
26670,0.2049800586146213,0.3506409193739771,0.44437902201140167
26671,0.09176387558871926,0.08973176223790578,0.8185043621733749
26672,0.10680142604001165,0.12685662348974283,0.7663419504702456
26673,0.21255031713910313,0.06727141822938891,0.7201782646315079
26674,0.2605762330759847,0.06348307784284213,0.6759406890811731
26675,0.17255850564794523,0.13922437607625227,0.6882171182758026
26676,0.03994133598527818,0.22984625017229854,0.7302124138424232
26677,0.07451308459256688,0.09750922363272857,0.8279776917747045
26678,0.12496828133266014,0.1687126122961133,0.7063191063712266
26679,0.12414014294772042,0.11433470879324216,0.7615251482590374
26680,0.013085947816091695,0.10652393044489479,0.8803901217390134
26681,0.1340198605218003,0.28075989822687974,0.58522024125132
26682,0.11222763816122985,0.35606373188055845,0.5317086299582117
26683,0.030547897784545933,0.27287625471981375,0.6965758474956404
26684,0.043877587669868545,0.17995099410794033,0.776171418222191
26685,0.10136468385744428,0.16574231350784646,0.7328930026347092
26686,0.07457410883799882,0.22200359599489014,0.7034222951671111
26687,0.1532023106177884,0.320036015336104,0.5267616740461076
26688,0.13025614766423002,0.753941815431786,0.11580203690398402
26689,0.031094943637966704,0.17300174031797683,0.7959033160440564
26690,0.07482551430983793,0.20990271408999533,0.7152717716001666
26691,0.14097140838042102,0.4503502144300626,0.40867837718951644
26692,0.02556716005255833,0.4260516146002937,0.548381225347148
26693,0.3326348859715742,0.08710864848917439,0.5802564655392514
26694,0.2772422907898716,0.24433344130359044,0.4784242679065379
26695,0.09718141311310921,0.29825984022044605,0.6045587466664448
26696,0.10776660944081326,0.14868998549028362,0.7435434050689032
26697,0.15036029068652718,0.16226758360952778,0.687372125703945
26698,0.10135879607981611,0.12221761658569412,0.7764235873344898
26699,0.24662357866559567,0.33692565891796017,0.41645076241644424
26700,0.07707185396025128,0.24454581453453297,0.6783823315052158
26701,0.06709222254691535,0.08695622033656526,0.8459515571165194
26702,0.15962431701152446,0.2277075435260715,0.6126681394624041
26703,0.09310387905555341,0.26391983048623346,0.642976290458213
26704,0.08142090041722375,0.23351692169502727,0.6850621778877489
26705,0.08516400271046448,0.11387411702989575,0.8009618802596397
26706,0.036636100751863,0.12582307540594975,0.8375408238421872
26707,0.22874313534618537,0.14902539522939415,0.6222314694244205
26708,0.16845579635445648,0.22638421668468378,0.6051599869608597
26709,0.09228703253882235,0.18508782489390738,0.7226251425672703
26710,0.1253097612114373,0.30455895926658455,0.5701312795219781
26711,0.13867678707900497,0.1583581761212201,0.702965036799775
26712,0.1385241802839986,0.2145390234163136,0.6469367962996878
26713,0.17789408687782216,0.26549657028040213,0.5566093428417758
26714,0.09485497128655661,0.3011146948353415,0.604030333878102
26715,0.11657313812974257,0.14224410543010638,0.7411827564401512
26716,0.11065106035326015,0.23109405874593217,0.6582548809008076
26717,0.05148460260698884,0.11649158998093166,0.8320238074120795
26718,0.07172185049402764,0.13233681852557463,0.7959413309803977
26719,0.11585145087232811,0.43187999709238856,0.45226855203528343
26720,0.08716257416859963,0.20049612242771941,0.712341303403681
26721,0.07868746624891904,0.25617169211514396,0.6651408416359369
26722,0.07840527089561246,0.21523802267991832,0.7063567064244691
26723,0.16032986533179758,0.14108221201738846,0.6985879226508139
26724,0.053734555728236856,0.22581162211170439,0.7204538221600588
26725,0.0483697239907252,0.5830317104738382,0.36859856553543663
26726,0.15486035763199268,0.26529070566924745,0.5798489366987598
26727,0.1528410381467187,0.18908532551482773,0.6580736363384536
26728,0.09710479199706791,0.3268695470183722,0.57602566098456
26729,0.06059970572347454,0.2078767763272232,0.7315235179493021
26730,0.10521572260707321,0.5932387536038337,0.3015455237890931
26731,0.05547885629647215,0.1285207590609892,0.8160003846425387
26732,0.21402608000005346,0.20586172289309698,0.5801121971068496
26733,0.120359028353438,0.13154337579173245,0.7480975958548296
26734,0.19115619878981843,0.05693709113085681,0.7519067100793247
26735,0.1438344471706255,0.27677311959870754,0.579392433230667
26736,0.10403056146333287,0.18345117782081305,0.7125182607158541
26737,0.15556939424108554,0.18057226330380677,0.6638583424551077
26738,0.023016945200354702,0.08447556440108663,0.8925074903985587
26739,0.25375894561938656,0.11992746541484944,0.6263135889657641
26740,0.029997965806322614,0.11352267504172116,0.8564793591519563
26741,0.07735519717490856,0.30482143756662666,0.6178233652584648
26742,0.07021630959164252,0.22578245304592218,0.7040012373624353
26743,0.14487060700143453,0.18939295974642872,0.6657364332521368
26744,0.15027850243455665,0.19443208932939557,0.6552894082360479
26745,0.08859338059049722,0.14828231880112858,0.7631243006083741
26746,0.04999475616652009,0.09838671869816402,0.8516185251353158
26747,0.33492441523465655,0.4692225803771968,0.19585300438814657
26748,0.110374479064498,0.428665440972051,0.46096007996345095
26749,0.1606375902738755,0.24732518225654174,0.5920372274695828
26750,0.07984949701085994,0.2822920171861314,0.6378584858030087
26751,0.01997730582801836,0.05434123114553518,0.9256814630264466
26752,0.021674090628579765,0.5537990038812,0.4245269054902204
26753,0.10097388895807476,0.10200142788892462,0.7970246831530007
26754,0.07687842831939819,0.04576759655251485,0.8773539751280871
26755,0.02482106037280897,0.08180777645120767,0.8933711631759834
26756,0.18551214312625805,0.06888107539380667,0.7456067814799353
26757,0.07707417798255549,0.21011496266593765,0.7128108593515068
26758,0.038985132956940984,0.10056303857952267,0.8604518284635363
26759,0.07782665453168613,0.4465872365797516,0.47558610888856234
26760,0.2383625385610362,0.4896665161007721,0.27197094533819155
26761,0.12333894700301172,0.13847162321343015,0.7381894297835582
26762,0.11953781642470104,0.16083345780284145,0.7196287257724575
26763,0.07485491633754604,0.21970866789667529,0.7054364157657786
26764,0.08237174104096487,0.24214083773281134,0.6754874212262237
26765,0.35124847153018246,0.025489870300213727,0.6232616581696038
26766,0.03360330112091118,0.5515018100811606,0.4148948887979282
26767,0.07691358775332653,0.41648586786998854,0.506600544376685
26768,0.05153683899109869,0.4919721323172527,0.45649102869164876
26769,0.08144687936775055,0.30230341539324695,0.6162497052390026
26770,0.19085967516986396,0.1348917994776186,0.6742485253525173
26771,0.10879631421616533,0.3460496281921882,0.5451540575916464
26772,0.19384704122522545,0.11891750039161124,0.6872354583831632
26773,0.12114853084227818,0.18368579070362934,0.6951656784540924
26774,0.14295020344581513,0.24750577012289443,0.6095440264312905
26775,0.16291016435132266,0.25212576025131145,0.584964075397366
26776,0.13145422086503145,0.0547142872426992,0.8138314918922693
26777,0.04832021925350169,0.08051779159588697,0.8711619891506113
26778,0.0519410565636543,0.12561530963088802,0.8224436338054576
26779,0.09439253614845945,0.16193630719676064,0.7436711566547799
26780,0.06662590995443857,0.4054682033579507,0.5279058866876107
26781,0.014731767228130707,0.10250692097074227,0.882761311801127
26782,0.04165527738199547,0.07413704853062489,0.8842076740873797
26783,0.16963608642721345,0.31715305075519185,0.5132108628175948
26784,0.08459037089816111,0.2967539107574717,0.6186557183443672
26785,0.26939245709711357,0.3373706333310668,0.3932369095718195
26786,0.26595635423082115,0.31034069123087415,0.4237029545383046
26787,0.0540150301138957,0.10439859594035278,0.8415863739457514
26788,0.2561254913584608,0.18228778150525454,0.5615867271362847
26789,0.1712230939852388,0.4160077461328963,0.4127691598818648
26790,0.08377837855295224,0.3528973946467879,0.56332422680026
26791,0.08084477855610604,0.14313805658223552,0.7760171648616585
26792,0.19051993592527885,0.20370378251001967,0.6057762815647015
26793,0.08424631304090498,0.19284527254711703,0.7229084144119781
26794,0.11456278049101697,0.365039331886633,0.5203978876223501
26795,0.031094943637966704,0.17300174031797683,0.7959033160440564
26796,0.080751692350724,0.5818501879986401,0.33739811965063593
26797,0.0884746115643737,0.20780665705329537,0.7037187313823309
26798,0.27233892278898125,0.3292148774797385,0.39844619973128015
26799,0.10109838059846488,0.15821216656254775,0.7406894528389873
26800,0.030085117610565038,0.596040360508727,0.3738745218807079
26801,0.10299221957737355,0.2540549625978734,0.642952817824753
26802,0.12121851775653159,0.3094334369442497,0.5693480452992188
26803,0.08818032862148398,0.23658549122650932,0.6752341801520066
26804,0.032831398152435486,0.12601660473947537,0.8411519971080891
26805,0.013271510238996989,0.11597877220558558,0.8707497175554175
26806,0.09647819838034813,0.2263016471975938,0.6772201544220581
26807,0.10069805105600257,0.2194165325715104,0.679885416372487
26808,0.023586832755960074,0.3255384576434744,0.6508747096005655
26809,0.11552989541214082,0.23441520891985348,0.6500548956680058
26810,0.009641879535648367,0.18190947707670493,0.8084486433876468
26811,0.07321924138637144,0.09816138916527406,0.8286193694483543
26812,0.1445810240379375,0.2230208780992031,0.6323980978628594
26813,0.16870055977148884,0.31685412067864366,0.5144453195498674
26814,0.21998657960275084,0.11530130066716954,0.6647121197300797
26815,0.06669620835217929,0.21637089945902066,0.7169328921888
26816,0.10558319315718769,0.36565718098092886,0.5287596258618835
26817,0.10167521206492176,0.10497038054887804,0.7933544073862002
26818,0.16057490489950754,0.17681769550328955,0.6626073995972029
26819,0.08356266522368458,0.1890466020925795,0.727390732683736
26820,0.08932086612012324,0.3570476455071171,0.5536314883727598
26821,0.17429597391918056,0.3563087100611602,0.46939531601965917
26822,0.1341893758312373,0.1531870223116387,0.7126236018571239
26823,0.11835677924633627,0.10552966615436155,0.7761135545993021
26824,0.10848179651377418,0.14747896504760774,0.7440392384386181
26825,0.05947075924153812,0.35977075353485066,0.5807584872236112
26826,0.07743535105336674,0.08655368497219464,0.8360109639744387
26827,0.07827862849010417,0.15882127021289957,0.7629001012969963
26828,0.059986991739463424,0.19843676833631965,0.7415762399242168
26829,0.04506268237593395,0.11816647564285095,0.8367708419812152
26830,0.08073783736092265,0.17191893023436436,0.7473432324047131
26831,0.20019723825109853,0.0653551962711104,0.734447565477791
26832,0.05290614765537965,0.11789686676975744,0.8291969855748629
26833,0.05549085030549074,0.16793376719142783,0.7765753825030814
26834,0.08265670101288289,0.22216269449102669,0.6951806044960904
26835,0.3600734713677671,0.10726725691061625,0.5326592717216168
26836,0.24272215172461664,0.2411153588840484,0.5161624893913349
26837,0.267859865264671,0.2701464712600994,0.46199366347522963
26838,0.11868122954720427,0.20126301577563044,0.6800557546771653
26839,0.5829745696798376,0.09900623865147094,0.31801919166869147
26840,0.09652566929030824,0.15404327295084586,0.7494310577588459
26841,0.022969075856406073,0.07502385171468118,0.9020070724289128
26842,0.09536677657171858,0.3882063650646525,0.5164268583636289
26843,0.07101649532979029,0.12787572110182088,0.8011077835683889
26844,0.03975879290808729,0.7011311347136778,0.25911007237823475
26845,0.43277949378261366,0.06559802132057152,0.5016224848968148
26846,0.07667178234107952,0.16630848392895398,0.7570197337299666
26847,0.11415369276139446,0.24711797665091148,0.6387283305876941
26848,0.17441087054108795,0.29426210630914956,0.5313270231497624
26849,0.14149783680828434,0.3175466696844728,0.5409554935072428
26850,0.06917809599453283,0.23853187998351033,0.6922900240219568
26851,0.07394974111756938,0.14112567479369667,0.7849245840887339
26852,0.15005382719542318,0.29179546041989757,0.5581507123846793
26853,0.08868470669029853,0.11999358689784648,0.7913217064118551
26854,0.13444355733854121,0.6879350543086727,0.17762138835278612
26855,0.044735111243960415,0.3639118939159486,0.5913529948400911
26856,0.20816129155531532,0.0950283068435108,0.6968104016011738
26857,0.13092371471475614,0.32593842156660474,0.5431378637186391
26858,0.053087288325290104,0.6752681576820039,0.271644553992706
26859,0.09548226480839679,0.38740991933026914,0.5171078158613341
26860,0.08542539466280569,0.6205233186644782,0.2940512866727162
26861,0.19863647991732075,0.29949835696453,0.5018651631181492
26862,0.12165042644193551,0.15639465893639867,0.7219549146216657
26863,0.05007132721712527,0.23858695000664207,0.7113417227762326
26864,0.06653771412678931,0.4030665416004616,0.530395744272749
26865,0.041637502816506876,0.300844107643845,0.657518389539648
26866,0.07501704148130069,0.1836094921172328,0.7413734664014665
26867,0.10407167643449561,0.13150329409997316,0.7644250294655313
26868,0.045628765872147536,0.10108737880733791,0.8532838553205145
26869,0.027705437878384854,0.01832285995529538,0.9539717021663197
26870,0.10463192967368364,0.5442757140330464,0.35109235629327007
26871,0.1253097612114373,0.30455895926658455,0.5701312795219781
26872,0.02812183381922689,0.1966949468979248,0.7751832192828483
26873,0.04768152727181855,0.4055914584073774,0.5467270143208041
26874,0.06712314035328924,0.11529349557400466,0.817583364072706
26875,0.02888944088399834,0.08899342969939365,0.882117129416608
26876,0.03306496244948202,0.2989497079569184,0.6679853295935996
26877,0.06137620260453546,0.20390938410363635,0.7347144132918283
26878,0.27009097534943516,0.26065373746253967,0.46925528718802517
26879,0.12083218460258933,0.20895975805104086,0.6702080573463698
26880,0.08935224540584007,0.17526187370949342,0.7353858808846665
26881,0.05763047865480514,0.19795272693584828,0.7444167944093466
26882,0.3705229513179267,0.10083269078912117,0.5286443578929522
26883,0.07177113007595555,0.114127308629962,0.8141015612940825
26884,0.035062815671034295,0.5035016608106503,0.4614355235183154
26885,0.111040628941162,0.36099503339275,0.527964337666088
26886,0.06584392886224519,0.1313350876253742,0.8028209835123806
26887,0.04092347310546143,0.12269620545991089,0.8363803214346277
26888,0.16381124870859726,0.14848109256709902,0.6877076587243036
26889,0.09053726768146718,0.1444345623811224,0.7650281699374103
26890,0.08181193842184516,0.26348997759189263,0.6546980839862623
26891,0.0959007773816268,0.2481172125883401,0.6559820100300331
26892,0.20273606998490196,0.13521374564651448,0.6620501843685835
26893,0.10135879607981611,0.12221761658569412,0.7764235873344898
26894,0.08115230734241123,0.09884595205122591,0.8200017406063629
26895,0.10909843229399631,0.17155208166425037,0.7193494860417534
26896,0.10316487052286287,0.26927577910137684,0.6275593503757603
26897,0.14265480541662415,0.16311746635035318,0.6942277282330226
26898,0.05607808352822997,0.10803073080815523,0.8358911856636149
26899,0.042648140175459835,0.10108974336253923,0.856262116462001
26900,0.03493442363888444,0.22272196083645987,0.7423436155246558
26901,0.13523401896478687,0.21856823097749753,0.6461977500577155
26902,0.07311818813335787,0.025731855678764525,0.9011499561878775
26903,0.08351608588896281,0.2511993425622632,0.665284571548774
26904,0.16570884736605956,0.2759326175581922,0.5583585350757483
26905,0.1030063363123598,0.05088731756996182,0.8461063461176783
26906,0.02292052095058571,0.10748655385976444,0.8695929251896498
26907,0.12116831479501347,0.19199224363373255,0.686839441571254
26908,0.08366023022516221,0.24351201857219912,0.6728277512026386
26909,0.0659863045694259,0.5226700761651404,0.41134361926543367
26910,0.06452686090046426,0.284853053123834,0.6506200859757018
26911,0.07303413051938949,0.09624109323957868,0.8307247762410318
26912,0.1100539838643879,0.22837407622504638,0.6615719399105657
26913,0.2977766716081616,0.27955870308411057,0.4226646253077277
26914,0.13324094228667943,0.1366192828407545,0.7301397748725661
26915,0.08440401578812849,0.27222033108280275,0.6433756531290689
26916,0.05375070232293259,0.6287153025900089,0.3175339950870586
26917,0.09167624882007892,0.16337413429691167,0.7449496168830093
26918,0.12762843625790257,0.24448459187486224,0.6278869718672351
26919,0.6253354588358915,0.12369492993287912,0.25096961123122935
26920,0.09057271864227402,0.2604717723840812,0.6489555089736448
26921,0.07182588387512824,0.3253237131969198,0.602850402927952
26922,0.05395430398852725,0.6902554916787313,0.25579020433274147
26923,0.060546622954943764,0.15938000223690127,0.780073374808155
26924,0.15391127560023277,0.34212620723180975,0.5039625171679575
26925,0.08985799749501285,0.071461951989069,0.8386800505159182
26926,0.11572129520407058,0.474234693781246,0.4100440110146834
26927,0.06363017511240046,0.20744181477207885,0.7289280101155208
26928,0.11638595642214726,0.4567152267343109,0.4268988168435418
26929,0.14240132269559266,0.3664072662085898,0.4911914110958174
26930,0.11374019355200832,0.25697008924555537,0.6292897172024363
26931,0.10143971251552598,0.41966579526089903,0.478894492223575
26932,0.04100076326082758,0.36299507207028037,0.5960041646688921
26933,0.42652673368751254,0.17196869342621782,0.4015045728862696
26934,0.04842243161346741,0.1902023592859,0.7613752091006325
26935,0.13097057970551623,0.23856381804774618,0.6304656022467376
26936,0.040251125685694666,0.11135846777066556,0.8483904065436398
26937,0.09318103592353226,0.18326372018542722,0.7235552438910405
26938,0.07863336390296989,0.1434916789789459,0.7778749571180842
26939,0.22929277489921285,0.3636454215498337,0.4070618035509534
26940,0.08825967281605292,0.14915973829803883,0.7625805888859083
26941,0.06230590662343684,0.1399515629689655,0.7977425304075978
26942,0.2664820008612498,0.34618945143940594,0.3873285476993444
26943,0.04157642241744697,0.2139387088757874,0.7444848687067656
26944,0.09715274723110821,0.1281703811034373,0.7746768716654546
26945,0.1998605624245033,0.48932995812373775,0.3108094794517589
26946,0.1257802505418619,0.08340757279828699,0.790812176659851
26947,0.09878211598685487,0.31011108523590175,0.5911067987772435
26948,0.19350723298803682,0.2943934869918231,0.51209928002014
26949,0.3063057186381782,0.07830247473773691,0.6153918066240849
26950,0.09974487995029818,0.1677263844809569,0.7325287355687449
26951,0.8004468383901453,0.13501541530660643,0.06453774630324824
26952,0.05225993245180665,0.2334130253209016,0.7143270422272917
26953,0.11636291603303309,0.05334508675278378,0.8302919972141832
26954,0.03817394325009276,0.10846280375879837,0.8533632529911088
26955,0.08141880172436315,0.5489940437111144,0.36958715456452246
26956,0.138973409158459,0.22865121991099957,0.6323753709305414
26957,0.14128354102258817,0.33947197868482554,0.5192444802925864
26958,0.15048194240018334,0.2230750249964466,0.6264430326033701
26959,0.0422331811675339,0.29982565478772943,0.6579411640447366
26960,0.04768152727181855,0.4055914584073774,0.5467270143208041
26961,0.05330557931925995,0.19187498046353324,0.7548194402172068
26962,0.08312342802882665,0.22646631160374064,0.6904102603674327
26963,0.3326348859715742,0.08710864848917439,0.5802564655392514
26964,0.10447325625964242,0.21379256905003702,0.6817341746903205
26965,0.04468643115539705,0.18914289468512968,0.7661706741594733
26966,0.10316487052286287,0.26927577910137684,0.6275593503757603
26967,0.020285782679746255,0.3283966120226487,0.651317605297605
26968,0.03641302023009375,0.41634807839936183,0.5472389013705444
26969,0.05161428774105552,0.07320175735888534,0.8751839549000591
26970,0.11160298701545292,0.15467931353360448,0.7337176994509426
26971,0.112635285887662,0.34866540350109937,0.5386993106112387
26972,0.12757505507804875,0.36090737970419084,0.5115175652177604
26973,0.0564441775819779,0.06461165056598482,0.8789441718520373
26974,0.2028094279938382,0.15964630747435557,0.6375442645318063
26975,0.062091090697241134,0.09713124379079775,0.8407776655119611
26976,0.06995023705976322,0.482987293611937,0.44706246932829985
26977,0.08529253571315318,0.1839855775556276,0.7307218867312193
26978,0.11029834427572861,0.09869526678990895,0.7910063889343624
26979,0.07689667598361868,0.19470669115431397,0.7283966328620672
26980,0.07217030818155079,0.10687715009894337,0.8209525417195058
26981,0.07798475285474371,0.22084928115011065,0.7011659659951456
26982,0.07912627421425915,0.21686366265306917,0.7040100631326717
26983,0.15370713703345645,0.331023180194554,0.5152696827719896
26984,0.04739215732525286,0.3344424641463376,0.6181653785284096
26985,0.14272831619827,0.39827817326182013,0.45899351053990983
26986,0.09020441532839593,0.13615237254976284,0.7736432121218413
26987,0.15391127560023277,0.34212620723180975,0.5039625171679575
26988,0.13938739721271923,0.28531003931732024,0.5753025634699607
26989,0.03660508214844404,0.2718664142415855,0.6915285036099704
26990,0.059255081645112506,0.16247622279953114,0.7782686955553565
26991,0.2140013832453546,0.29802121659461234,0.487977400160033
26992,0.06399570637451535,0.45010509762718265,0.48589919599830195
26993,0.12954120590590953,0.2885962060408372,0.5818625880532532
26994,0.07744055702757288,0.18656252340462254,0.7359969195678047
26995,0.11275613630838775,0.16586880358828104,0.7213750601033311
26996,0.03925889396197386,0.1482571005009108,0.8124840055371154
26997,0.19660690182019727,0.6090089772958236,0.19438412088397916
26998,0.1705053520917681,0.26033720468124544,0.5691574432269865
26999,0.1883081136793475,0.10308327418950071,0.7086086121311518
27000,0.08522198984691594,0.3817325826545937,0.5330454274984904
27001,0.06295432171367034,0.5903388336092689,0.3467068446770608
27002,0.03963821665591499,0.2297284027770694,0.7306333805670157
27003,0.3000077988983667,0.16839301956270505,0.5315991815389282
27004,0.26783646564563557,0.2829069876323338,0.4492565467220306
27005,0.04201211689615705,0.39382770819979646,0.5641601749040466
27006,0.02413814840228506,0.09293740076113911,0.8829244508365759
27007,0.13540454323032733,0.3467138760570271,0.5178815807126457
27008,0.21235108192741642,0.15613324838161063,0.6315156696909731
27009,0.12069671507669379,0.30221781691293126,0.577085468010375
27010,0.09686634857045132,0.2143121503663336,0.6888215010632152
27011,0.21839290659971064,0.514407045534425,0.26720004786586427
27012,0.091745620712402,0.1539373166389882,0.7543170626486098
27013,0.14180814451816498,0.33843312618146665,0.5197587293003684
27014,0.15034016785079185,0.3082446743402819,0.5414151578089262
27015,0.08324240310364482,0.3853386712722791,0.531418925624076
27016,0.13136005416276056,0.2434415430509704,0.625198402786269
27017,0.07117732285521297,0.2503988062837262,0.6784238708610608
27018,0.10858595525095677,0.1753806119538088,0.7160334327952345
27019,0.07631406307270189,0.17171715823205502,0.7519687786952431
27020,0.06857007116667949,0.39442022092922363,0.537009707904097
27021,0.030168573403786536,0.49747681285888307,0.4723546137373304
27022,0.09814432415845181,0.2090040371933531,0.6928516386481951
27023,0.14036106118112632,0.3058632011083497,0.553775737710524
27024,0.03241073667048842,0.22628859216826114,0.7413006711612505
27025,0.10209247904762025,0.10697893609352817,0.7909285848588516
27026,0.01780627255501657,0.072557787657529,0.9096359397874545
27027,0.08561566262213569,0.10621463035774271,0.8081697070201216
27028,0.10586178037105412,0.15877981466189178,0.735358404967054
27029,0.030987796061023507,0.13153975374157303,0.8374724501974034
27030,0.1759293846203221,0.47453752998182586,0.34953308539785216
27031,0.3639774351468666,0.2832530999348266,0.3527694649183068
27032,0.16248629353324645,0.2659742527135949,0.5715394537531586
27033,0.14212521071236658,0.12604988241056334,0.73182490687707
27034,0.02351568146257873,0.05300589670409314,0.9234784218333281
27035,0.26635578622601885,0.2514178077080974,0.4822264060658838
27036,0.0530497931452595,0.09800745529816196,0.8489427515565786
27037,0.09426863403941405,0.37786930411722464,0.5278620618433614
27038,0.05878967762363647,0.12005981885094828,0.8211505035254153
27039,0.07617612847477664,0.1569244105909866,0.7668994609342368
27040,0.11885084267359436,0.20663137081052757,0.674517786515878
27041,0.018136576411346115,0.17585889621413991,0.806004527374514
27042,0.38624995092847275,0.20180582829289617,0.41194422077863113
27043,0.12659870394135636,0.15167299352459818,0.7217283025340455
27044,0.09671683881135922,0.19145583104030564,0.7118273301483351
27045,0.12937559960146391,0.2848215620089322,0.5858028383896039
27046,0.037163550343956464,0.11366590640175729,0.8491705432542862
27047,0.028171304986162507,0.39642566289205916,0.5754030321217783
27048,0.061769893856785316,0.41216084200241,0.5260692641408048
27049,0.05720720597026976,0.43781684978574725,0.504975944243983
27050,0.07990330120650348,0.18944641587343955,0.730650282920057
27051,0.0694990855800291,0.2870408191199166,0.6434600953000543
27052,0.037658871028137426,0.3061136763883429,0.6562274525835196
27053,0.10335479792142871,0.49739738264925115,0.39924781942932
27054,0.06180995401714316,0.1574453996401353,0.7807446463427216
27055,0.28426692711198764,0.3181951014381079,0.3975379714499043
27056,0.32399801499778075,0.31167311711406154,0.36432886788815777
27057,0.08930353384856497,0.24415540198235008,0.666541064169085
27058,0.12116831479501347,0.19199224363373255,0.686839441571254
27059,0.07859581645862568,0.11828796823796346,0.8031162153034109
27060,0.08175881647384008,0.30794846148371935,0.6102927220424406
27061,0.23763140693550597,0.10658917802716203,0.6557794150373321
27062,0.08884715244483582,0.11005526322253077,0.8010975843326333
27063,0.08832051298615842,0.2566906719356921,0.6549888150781495
27064,0.062333314668320323,0.12794040904930387,0.8097262762823757
27065,0.04880101261702451,0.2534158211568274,0.6977831662261481
27066,0.038789626448710146,0.05872686808003665,0.9024835054712531
27067,0.04697011344559026,0.32031593141477166,0.632713955139638
27068,0.3705229513179267,0.10083269078912117,0.5286443578929522
27069,0.020600061368298398,0.1976623903036014,0.7817375483281002
27070,0.11130929141702736,0.11727445471046608,0.7714162538725066
27071,0.10897140299776527,0.05597513958146851,0.8350534574207662
27072,0.09662463550459859,0.23789313281924773,0.6654822316761537
27073,0.09809328636451072,0.22532826594909608,0.6765784476863933
27074,0.0980377230345468,0.3195341426146197,0.5824281343508335
27075,0.24517431386397384,0.1611738683187483,0.5936518178172778
27076,0.24438975372874494,0.34096892262457834,0.4146413236466767
